    1               5               5               0
    2               5               5               3
    3               5               4               3
    4               4               5               3
    5               4               4               3
    6               5               3               3
    7               3               5               3
    8               3               4               3
    9               4               3               3
   10               3               3               3
   11               2               5               3
   12               5               2               3
   13               4               2               3
   14               2               4               3
   15               2               3               3
   16               3               2               3
   17               1               5               3
   18               0               5               0
   19               5               0               0
   20               5               1               3
   21               4               1               3
   22               1               4               3
   23               2               2               3
   24               3               1               3
   25               1               3               3
   26               0               5               3
   27               2               1               3
   28               5               0               3
   29               1               2               3
   30               0               4               3
   31               4               0               3
   32               5               5               6
   33               4               5               6
   34               5               4               6
   35               3               0               3
   36               0               3               3
   37               4               4               6
   38               3               5               6
   39               5               3               6
   40               4               3               6
   41               1               1               3
   42               3               4               6
   43               0               2               3
   44               2               0               3
   45               3               3               6
   46               5               2               6
   47               2               5               6
   48               2               4               6
   49               4               2               6
   50               3               2               6
   51               2               3               6
   52               0               0               0
   53               1               0               3
   54               0               1               3
   55               1               5               6
   56               5               1               6
   57               4               1               6
   58               1               4               6
   59               2               2               6
   60               1               3               6
   61               3               1               6
   62               0               0               3
   63               0               5               6
   64               5               0               6
   65               2               1               6
   66               1               2               6
   67               0               4               6
   68               4               0               6
   69               3               0               6
   70               0               3               6
   71               1               1               6
   72               0               2               6
   73               2               0               6
   74               0               1               6
   75               1               0               6
   76               0               0               6