1 58 55
2 67 58
3 65 59
4 59 51
5 51 48
6 61 50
7 50 45
8 45 42
9 57 49
10 49 40
11 40 37
12 65 61
13 61 57
14 59 50
15 50 49
16 51 45
17 45 40
18 48 42
19 42 37
20 49 46
21 74 71
22 71 65
23 57 56
24 66 60
25 72 66
26 66 59
27 70 60
28 60 51
29 40 39
30 75 71
31 71 66
32 60 58
33 73 65
34 48 47
35 69 61
36 42 38
37 68 57
38 37 33
39 58 48
40 37 34
41 22 17
42 30 22
43 27 23
44 23 15
45 15 14
46 24 16
47 16 10
48 10 8
49 21 13
50 13 9
51 9 5
52 27 24
53 24 21
54 23 16
55 16 13
56 15 10
57 10 9
58 14 8
59 8 5
60 13 12
61 54 41
62 41 27
63 21 20
64 29 25
65 43 29
66 29 23
67 36 25
68 25 15
69 9 6
70 53 41
71 41 29
72 25 22
73 44 27
74 14 11
75 35 24
76 8 7
77 31 21
78 5 4
79 22 14
80 5 3
81 18 26
82 26 63
83 19 28
84 28 64
85 52 62
86 62 76
87 1 2
88 2 32
89 26 30
90 30 36
91 36 43
92 43 54
93 54 62
94 62 53
95 53 44
96 44 35
97 35 31
98 31 28
99 28 20
100 20 12
101 12 6
102 6 3
103 3 2
104 2 4
105 4 7
106 7 11
107 11 17
108 17 26
109 63 55
110 55 47
111 47 38
112 38 33
113 33 32
114 32 34
115 34 39
116 39 46
117 46 56
118 56 64
119 64 68
120 68 69
121 69 73
122 73 75
123 75 76
124 76 74
125 74 72
126 72 70
127 70 67
128 67 63